-10.700114
9.724634
-0.005558
-10.182934
-9.585707
-9.172672
-8.652284
-8.093484
-7.659405
-7.119685
-6.611764
-6.066103
-5.585101
-5.114084
-4.578872
-4.096471
-3.554211
-3.041090
-2.533970
-2.003231
-1.503558
-0.993559
-0.487043
0.022317
0.532417
1.052899
1.589446
2.060330
2.558076
3.080241
3.613621
4.091379
4.603035
5.132924
5.594906
6.080934
6.680354
7.293877
7.717112
8.225220
8.648666
9.254200
1925.204274
27727861417520726000000000000000000000000000000000000000000000000000000000000000000000000000000000000000000000000000000.000000
